"ID"	"age"	"sex"	"height"	"Pre1"	"Pre2"	"Pre3"	"Pre4"	"Pre5"	"Pre6"	"Pre7"	"Post1"	"Post2"	"Post3"	"Post4"	"Post5"	"Post6"	"Post7"	"VR1"	"VR2"	"VR3"	"VR4"	"VR5"	"VR6"	"Resp_confidence"	"SSQ_pre"	"SSQ_post"	"VR_presence"
"1"	1	23	"W"	163	1	1	1	1	1	1	1	2	1	1	1	1	1	2	5	3	5	5	5	5	5	1	1.28571428571429	4.66666666666667
"2"	2	23	"W"	165	2	1	1	1	1	1	1	2	1	1	1	1	1	1	7	3	7	7	5	1	6	1.14285714285714	1.14285714285714	5
"3"	3	24	"W"	170	1	1	1	2	1	1	1	1	1	1	1	1	1	2	2	2	3	1	1	3	6	1.14285714285714	1.14285714285714	2
"4"	4	21	"M"	184	1	1	1	1	1	1	1	1	1	1	1	1	2	1	6	6	5	5	5	5	6	1	1.14285714285714	5.33333333333333
"5"	5	21	"M"	188	2	1	1	1	1	1	1	2	1	1	1	1	1	1	2	3	2	5	2	2	4	1.14285714285714	1.14285714285714	2.66666666666667
"6"	6	22	"M"	184	1	1	1	1	1	1	1	3	2	2	2	2	2	2	7	7	6	5	4	2	5	1	2.14285714285714	5.16666666666667
"7"	7	20	"W"	168	1	1	1	1	1	1	2	1	1	1	2	2	1	1	5	4	3	4	2	3	3	1.14285714285714	1.28571428571429	3.5
"8"	8	22	"W"	166	1	1	1	1	1	1	1	1	1	1	1	2	2	2	2	3	1	2	2	4	5	1	1.42857142857143	2.33333333333333
"9"	9	19	"W"	160	2	1	1	2	1	1	1	2	2	1	1	1	1	1	6	6	7	6	4	7	5	1.28571428571429	1.28571428571429	6
"10"	10	22	"M"	183	1	1	1	2	1	1	1	1	1	1	1	1	1	1	6	3	4	4	4	1	4	1.14285714285714	1	3.66666666666667
"11"	11	19	"M"	178	1	2	1	1	1	1	1	2	2	1	1	2	2	1	3	2	2	4	2	2	6	1.14285714285714	1.57142857142857	2.5
"12"	12	24	"M"	190	1	1	1	1	1	1	1	1	1	1	1	1	1	2	4	3	2	2	1	3	6	1	1.14285714285714	2.5
"13"	13	21	"W"	165	2	1	1	2	1	1	1	2	1	1	1	1	1	1	5	5	4	6	5	3	5	1.28571428571429	1.14285714285714	4.66666666666667
"14"	14	21	"W"	168	2	1	1	1	1	1	1	2	1	1	1	1	1	2	6	4	3	6	3	2	5	1.14285714285714	1.28571428571429	4
"15"	15	26	"M"	175	1	1	1	1	1	1	1	2	1	1	2	1	2	1	5	6	2	3	5	5	5	1	1.42857142857143	4.33333333333333
"16"	16	29	"W"	170	1	2	1	1	1	1	1	3	2	2	2	1	1	3	4	4	4	6	5	5	4	1.14285714285714	2	4.66666666666667
"17"	17	22	"M"	174	1	1	1	1	1	1	1	1	1	1	1	1	1	2	5	2	5	3	4	1	6	1	1.14285714285714	3.33333333333333
"18"	18	22	"W"	167	1	1	1	1	1	1	1	1	1	1	2	1	1	1	2	1	1	6	7	2	6	1	1.14285714285714	3.16666666666667
"19"	19	22	"W"	NA	NA	NA	NA	NA	NA	NA	NA	NA	NA	NA	NA	NA	NA	NA	NA	NA	NA	NA	NA	NA	NA	NA	NA	NA
"20"	20	24	"W"	176	1	1	1	1	1	1	1	1	1	1	1	2	1	2	6	6	2	7	6	6	6	1	1.28571428571429	5.5
"21"	21	22	"W"	172	1	1	1	1	1	1	1	2	1	1	1	1	1	2	3	1	1	4	5	2	6	1	1.28571428571429	2.66666666666667
"22"	22	25	"W"	157	2	1	1	1	1	1	1	1	1	1	1	1	1	1	6	3	6	7	7	3	5	1.14285714285714	1	5.33333333333333
"23"	23	19	"W"	163	1	1	2	1	1	1	1	1	1	2	2	1	2	1	6	4	5	6	4	4	5	1.14285714285714	1.42857142857143	4.83333333333333
"24"	24	25	"M"	180	1	1	1	2	1	1	2	3	2	2	2	1	2	3	7	5	6	7	4	1	6	1.28571428571429	2.14285714285714	5
"25"	25	21	"W"	163	1	1	1	1	1	1	1	2	1	1	1	1	1	1	4	5	3	5	2	3	5	1	1.14285714285714	3.66666666666667
"26"	26	21	"W"	169	2	2	1	1	1	1	1	1	1	1	1	1	1	1	2	3	5	3	2	2	4	1.28571428571429	1	2.83333333333333
"27"	27	20	"W"	166	3	2	1	1	1	1	1	3	2	1	3	1	2	3	5	5	2	6	1	4	6	1.42857142857143	2.14285714285714	3.83333333333333
"28"	28	23	"W"	164	2	1	1	3	2	2	4	4	1	2	4	1	3	3	2	1	1	3	3	2	5	2.14285714285714	2.57142857142857	2
"29"	29	27	"M"	175	1	1	1	2	1	1	1	1	1	1	1	1	2	1	3	3	3	5	3	2	2	1.14285714285714	1.14285714285714	3.16666666666667
"30"	30	25	"M"	172	1	2	1	1	2	1	1	1	1	2	1	1	3	2	5	2	3	7	2	1	5	1.28571428571429	1.57142857142857	3.33333333333333
"31"	31	23	"M"	177	2	1	1	2	1	1	1	2	1	1	1	1	1	1	3	3	2	5	5	2	5	1.28571428571429	1.14285714285714	3.33333333333333
"32"	32	21	"W"	176	1	1	1	1	1	1	1	2	1	1	1	1	1	2	5	4	6	2	3	2	5	1	1.28571428571429	3.66666666666667
"33"	33	22	"M"	189	1	1	1	1	1	1	1	2	1	2	1	1	2	1	4	4	3	3	6	4	5	1	1.42857142857143	4
"34"	34	18	"M"	183	2	1	1	2	2	1	3	1	1	1	1	1	1	1	4	4	7	3	6	7	5	1.71428571428571	1	5.16666666666667
"35"	35	23	"W"	167	1	1	1	2	1	1	2	1	1	1	1	1	1	1	4	2	2	4	3	4	5	1.28571428571429	1	3.16666666666667
"36"	36	27	"M"	180	1	1	1	1	1	1	1	1	1	1	1	1	1	1	2	2	2	2	2	4	4	1	1	2.33333333333333
"37"	37	25	"M"	185	1	1	1	1	1	1	1	2	1	1	1	1	1	1	4	5	3	5	4	1	6	1	1.14285714285714	3.66666666666667
"38"	38	19	"M"	186	1	1	1	1	1	1	1	1	1	1	1	2	1	1	4	3	4	3	1	1	5	1	1.14285714285714	2.66666666666667
"39"	39	20	"W"	170	1	1	1	1	1	1	1	1	1	1	1	1	1	1	6	3	7	7	1	1	5	1	1	4.16666666666667
"40"	40	30	"W"	170	1	1	2	1	1	1	1	1	1	1	1	2	1	2	1	1	1	2	2	1	3	1.14285714285714	1.28571428571429	1.33333333333333
"41"	41	27	"M"	183	2	1	1	2	1	1	1	1	1	1	1	1	1	2	3	3	6	6	5	3	6	1.28571428571429	1.14285714285714	4.33333333333333
