"ID","diff_M","diff_M_abs","diff_SD","diff_M_abs_Ab","diff_M_abs_Fl","diff_SD_Ab","diff_SD_Fl","diff_M_abs_60","diff_M_abs_90","diff_M_abs_120","diff_Z"
1,-5.99,6.07,4.70951714341693,6.95333333333333,5.18666666666667,4.84721815163335,4.52318892986332,10.94,5.17,2.1,0.360058279980084
2,0.993333333333333,3.32666666666667,4.06260773508782,3.76,2.89333333333333,3.73098991077244,3.9410779284474,3.31,2.69,3.98,-1.13378735402557
3,-7.44,7.74,5.66505318476419,6.46,9.02,3.05773025064578,7.38481066591613,12.46,6.1,4.66,1.26943454077818
4,0.616666666666665,3.55,4.41838504849697,2.66666666666667,4.43333333333333,3.33412371581814,5.4126131352962,3.94,2.15,4.56,-1.01217416146375
5,-3.30333333333333,6.01,7.39228317738929,5.43333333333333,6.58666666666667,6.86956711743559,8.00774624972595,12.08,2.19,3.76,0.327386078993326
6,-1.97666666666667,3.25,3.45928867845971,2.96666666666667,3.53333333333333,3.14094314012906,3.84911863752136,5.14,1.73636363636364,3,-1.17553516639754
7,-0.140000000000001,4.10666666666667,5.48204593069111,4.95333333333333,3.26,6.12823286888138,4.50949263327082,5.75,2.54,4.03,-0.709048741197716
8,-3.39333333333333,4.37333333333333,4.85009301960804,3.23333333333333,5.51333333333334,3.1938482535441,5.79443904183345,5.7,4.56,2.86,-0.563838959034347
9,-6.94666666666667,7.01333333333333,5.47500485487634,7.64,6.38666666666667,5.93618444072332,5.0817413588351,6.08,5.68,9.28,0.873737884382998
10,-4.43666666666667,6.73666666666667,7.68062871588416,5.33333333333333,8.14,6.08684764765098,8.84482630586674,11.9,4.73,3.58,0.723082735388505
11,0.163333333333332,3.33666666666667,4.28497642799885,3.61333333333333,3.06,4.00923932934915,3.56628391359703,3.26,3.05,3.7,-1.12834198719444
12,-0.510000000000001,3.59666666666667,4.47116046033566,4.08666666666667,3.10666666666667,5.09590872311168,3.61658876369906,4.46,2.52,3.81,-0.986762449585158
13,-0.810000000000001,2.89,3.51953660742923,2.38666666666667,3.39333333333333,2.80017006286268,3.78490737132678,3.94,2.32,2.41,-1.37156837231808
14,-5.65,6.81666666666667,5.51254056205266,5.64666666666667,7.98666666666667,5.04092773018542,5.8620652950824,8.48,5.1,6.87,0.766645670037515
15,-3.69333333333333,4.08666666666667,3.04482979914266,3.84666666666667,4.32666666666667,2.58337173550566,3.53819970364268,4.68,3.38,4.2,-0.719939474859969
16,-6.14333333333333,7.13,6.1786999711374,6.24666666666667,8.01333333333334,6.11343563293957,5.98533923134568,8.26,7.45,5.68,0.937267164079473
17,-3.68,7.28,9.4971647311729,9.45333333333333,5.10666666666667,10.6242893319753,5.74238211728829,12.03,4.06,5.75,1.01894766654637
18,-3.76666666666667,3.99333333333333,3.37519688655173,4.08666666666667,3.9,3.5342541477591,3.31978197792451,5.51,3.06,3.41,-0.770762898617147
19,-3.07333333333333,8.16,10.3006171001391,8.6,7.72,11.0683891373243,9.67747507408435,15.15,2.58,6.75,1.49813994768548
20,-6.14333333333333,6.32333333333333,4.60858893307084,5.7,6.94666666666667,3.48752880172439,5.60457296279013,9.95,4.81,4.21,0.498007573035283
21,-4.17333333333334,5.13333333333333,4.71570620983446,4.09333333333333,6.17333333333334,4.08222628336199,5.08086981679693,6.49,4.25,4.66,-0.149991079868747
22,-4.50333333333333,6.12333333333333,6.09021166798984,5.20666666666667,7.04,6.41354222014043,4.80039680899502,8.13,4.98,5.26,0.389100236412757
23,-9.02,9.02,5.14013283070013,8.61333333333333,9.42666666666666,4.40646710880183,5.91251296183015,12.27,7.61,7.18,1.96644149516234
24,-2.74333333333333,3.40333333333333,3.29667369802721,3.79333333333333,3.01333333333334,2.98846990631534,3.61482397648245,4.32,2.84,3.05,-1.0920395416536
25,-5.01,5.67,5.41780907493184,6.4,4.94,5.43421260779027,5.43584224866588,9.1,3.71,4.2,0.142243606735031
26,-3.34,5.30666666666667,5.40316637690824,4,6.61333333333334,4.7297941161273,5.26007423449336,7.23,4.4,4.29,-0.0556047214625573
27,-4.50666666666667,6.36,8.14446854104625,8.18666666666667,4.53333333333333,9.56412941299789,5.92028795953453,10.63,2.77,5.68,0.517973918082746
28,-8.12333333333333,8.27,5.58333007376813,6.77333333333333,9.76666666666667,5.04284500200886,5.7755230643351,10.78,6.93,7.1,1.55803898282787
29,-5.50333333333333,7.89666666666667,7.47291584753688,9.1,6.69333333333333,5.43428270992857,7.64371512763139,10.18,8.18,5.33,1.35474528779916
30,-3.41333333333333,3.68,3.41555602918555,3.34666666666667,4.01333333333333,3.0283108603092,3.85632442816189,4.58,3.76,2.7,-0.941384392659105
31,-0.943333333333332,2.19666666666667,3.35144676256372,2.00666666666667,2.38666666666666,2.44861476874462,4.10485194907314,3.38,1.15,2.06,-1.74911380594284
32,-0.353333333333332,4.15333333333333,5.82122947869934,4.72666666666666,3.58,6.65093620334403,5.03175629661964,5.22,2.39999999999999,4.84,-0.683637029319127
33,-1.06333333333333,6.13666666666667,7.35679293570579,5.98,6.29333333333333,7.35016682674294,7.12031299472552,7.69,3.87,6.85,0.396360725520925
34,-1.93333333333333,5.06666666666667,6.40260363706308,3.76,6.37333333333333,4.85109707768695,7.61679222570261,9.28,2.59,3.33,-0.18629352540959
35,-4.57333333333333,4.78666666666667,4.01694113623215,4.96666666666667,4.60666666666666,4.4518802876131,3.67264015583963,6.39,4.09,3.88,-0.338763796681127
36,-6.18333333333333,7.27666666666667,6.71010988826887,4.46666666666667,10.0866666666667,4.84428971647473,6.7283692215092,11.14,6.23,4.46,1.01713254426933
37,-1.52,2.76666666666667,3.22162948703356,2.43333333333333,3.1,3.29497452840794,3.05590762762415,3.17,2.55,2.58,-1.43872789656864
38,-5.83,8.64333333333333,9.26123362602748,11.0866666666667,6.2,11.3683562492351,6.85893230619405,11.97,4.93,9.03,1.76133267785659
39,-4.28333333333333,6.13666666666667,7.13022141810928,5.26666666666667,7.00666666666667,5.57714724824183,8.541567827535,10.94,2.9,4.57,0.396360725520926
40,-2.78,4.15333333333333,4.45091234351511,4.66666666666667,3.64,4.37582101139998,4.17178732964775,5.94,3.29,3.23,-0.683637029319126
41,-2.41666666666667,3.79,4.70510239056996,2.36,5.22,2.89832463921586,5.96464184850628,5.26,2.94,3.17,-0.881485357516716
